5 0.154 0.512 0.064 0.108
5 0.23 0.594 0.056 0.112
5 0.308 0.739 0.064 0.114
5 0.524 0.654 0.04 0.08
5 0.527 0.758 0.046 0.112
5 0.719 0.74 0.05 0.112
5 0.784 0.628 0.044 0.092
5 0.585 0.345 0.09 0.046
5 0.493 0.37 0.082 0.08
5 0.483 0.214 0.058 0.072
5 0.276 0.314 0.056 0.068
5 0.328 0.448 0.036 0.068
5 0.69 0.267 0.04 0.11
5 0.641 0.333 0.07 0.098
5 0.667 0.509 0.054 0.074
5 0.54 0.598 0.044 0.092
5 0.55 0.452 0.048 0.076
5 0.422 0.502 0.052 0.068
5 0.386 0.205 0.064 0.066
5 0.779 0.258 0.054 0.072
5 0.693 0.629 0.09 0.062
5 0.223 0.153 0.106 0.05