1 0.26875 0.31905594405594406 0.39 0.29545454545454547
1 0.820625 0.5358391608391608 0.33125 0.21853146853146854
1 0.233125 0.6879370629370629 0.35375 0.34440559440559443
1 0.465 0.6311188811188811 0.155 0.32517482517482516
1 0.74125 0.8164335664335665 0.2625 0.36713286713286714
1 0.49 0.9012237762237763 0.1525 0.19755244755244755
1 0.524375 0.20279720279720279 0.11875 0.4020979020979021
1 0.773125 0.2928321678321678 0.35125 0.31643356643356646
1 0.344375 0.14248251748251747 0.20125 0.28146853146853146
1 0.71125 0.131993006993007 0.21 0.26048951048951047
1 0.353125 0.875 0.16625 0.25