6 0.36 0.5226586102719033 0.12444444444444444 0.283987915407855
6 0.675 0.21827794561933533 0.20777777777777778 0.2854984894259819
6 0.555 0.08534743202416918 0.20555555555555555 0.16767371601208458
6 0.34555555555555556 0.07854984894259819 0.1711111111111111 0.1540785498489426
6 0.19444444444444445 0.49395770392749244 0.2288888888888889 0.2688821752265861
6 0.17 0.7809667673716012 0.08666666666666667 0.28700906344410876
6 0.2922222222222222 0.8564954682779456 0.14444444444444443 0.27794561933534745
6 0.71 0.9342900302114804 0.16666666666666666 0.13141993957703926
6 0.8238888888888889 0.8889728096676737 0.2877777777777778 0.12235649546827794
6 0.7955555555555556 0.7182779456193353 0.14222222222222222 0.24018126888217523
6 0.9372222222222222 0.777190332326284 0.12555555555555556 0.08610271903323263
6 0.7416666666666667 0.36631419939577037 0.17222222222222222 0.14954682779456194
6 0.8633333333333333 0.2824773413897281 0.10444444444444445 0.24471299093655588